-2.517148514949650817e+01 3.383640031807111370e+01
-1.401633543986294583e+01 3.660053212538561951e+01
-1.839052248023153879e+01 -2.987943568499435543e+01
3.305636024304662612e+01 -6.051591089466352713e+00
3.145157167047188906e+01 -1.118989403406759386e+01
-3.091691180619246282e+01 -2.642217385364737936e+01
-2.176285397472378236e+01 -3.036865589879694483e+01
4.293607847696632973e+01 -7.635437900644196141e+00
-1.736121784375803756e+01 3.175591696966719724e+01
-1.504051786455688067e+01 3.209625161561987738e+01
-1.322481994212069445e+01 3.236505968020068735e+01
-2.013506925588131935e+01 -3.488110200374480740e+01
-1.207488595542960574e+01 2.923991083221492815e+01
-1.755047796942858795e+01 3.640009887375058639e+01
-8.336611283303454911e+00 3.052843124223702276e+01
3.693525542820664498e+01 -5.787495630663875623e+00
-2.914998814206271760e+01 -2.242491070974937273e+01
3.593901657171994657e+01 -1.048423192076150201e+01
3.124541711929565579e+01 -1.150036594847753157e+01
-4.150243111722561551e+00 3.144703841646480313e+01
3.517577302410396811e+01 -9.133162441359901962e+00
-2.735990510046729440e+01 -2.452988285366192756e+01
-2.516218825130371428e+01 -2.313512986316709785e+01
2.768984103919119732e+01 2.921576083097946608e+01
4.079904232011909215e+01 -4.045244693252003643e+00
-2.838147625583809130e+01 -2.727887846365790736e+01
3.863695558294031684e+01 -1.080296405828659623e+01
-2.567980164968135171e+01 -2.793484385619197496e+01
