3.401152745706799863e+01 -5.448994897320990738e+00
4.352454071163828075e+01 1.421938630841705242e+00
3.809423693806871114e+01 -4.265688093642899581e+00
-2.957514311915920402e+01 -1.556558380760412774e+01
-2.799201577472334179e+01 -1.271012281902600449e+01
3.409503307630324542e+01 -2.196702910648996365e+00
-3.152299410515736611e+01 -1.348652504070402358e+01
-3.374508413054692113e+01 -1.373395043429029805e+01
-3.114560370091532349e+01 -1.456554795783776157e+01
-3.016241519293796003e+01 -1.580219900688726575e+01
-2.640596672476954865e+01 4.489588169044435517e+01
4.071954517762925008e+01 9.559909706965432630e-01
3.907839308163113401e+01 -3.364898686574484099e+00
3.813495513531184145e+01 -1.722700361478209041e+00
-2.673315146293760236e+01 4.746090606560863989e+01
-3.557753938662789750e+01 -1.487256516940195894e+01
3.748349191790488533e+01 -2.229294526961849154e+00
4.594569402777359102e+01 -1.700847989510991809e+00
-3.147131656953732559e+01 -1.378649081485414207e+01
-1.614374363898151188e+01 5.415440692036658987e+01
-3.061244371703503120e+01 -1.343701176121385643e+01
