-2.630243580767049139e+01 -5.006438816948081794e+00
-2.630041537194973955e+01 -1.113426707480325817e+01
4.438179182948458390e+01 -1.251088941111047603e+01
-2.750093303726025340e+01 -5.594100103940004232e+00
5.343672918511144587e+01 -1.337430590764896543e+01
4.584745874720155712e+01 -8.714961557988308627e+00
4.546558075317801695e+01 -9.310122636089932513e+00
5.708381522707682620e+00 6.777217970130527647e+01
-2.516832966722013154e+01 -1.046180801364154256e+01
4.104165742777764336e+01 -1.052456170952574865e+01
-2.885165779878463610e+01 -3.539729962692426124e+00
-2.662166908515162334e+01 -1.309521198485327353e+01
4.631905265636726554e+00 6.925412260025827038e+01
-2.638795701703388730e+01 -4.881828628955130256e+00
-2.696362872716148829e+01 -7.167961969545303624e+00
-2.628119012725312942e+01 -6.622535888303957563e+00
-2.629630851506313505e+01 -7.685397370909023529e+00
-2.693697973726687067e+01 -9.587861696119277966e+00
-2.526334101680748745e+01 -6.502137232578792947e+00
-2.753786207726341928e+01 -5.111792580332650715e+00
4.452563858703820188e+01 -1.401593190730006455e+01
-2.654239159354198918e+01 -4.510713738734805744e+00
-2.722718840984237332e+01 -8.287114423066519464e+00
4.311499205787418276e+01 -8.544194875489040442e+00
4.063325044814619247e+01 -7.589501995326035200e+00
-2.566401849783861167e+01 -4.506595346155569892e+00
4.934527813523174444e+01 -8.876437946924919942e+00
7.713642527721225939e+00 7.013010047741951780e+01
