1.077864103121246364e+00 5.621101343665745986e+01
3.172947229034658179e+01 1.867201175766064036e+00
-3.488534441174896017e+01 -3.509598188201374480e+00
2.597844999019738665e+01 -3.569796884513568802e+00
-2.578678753757433029e+01 -6.120507673831214746e+00
2.509182842731577168e+01 -1.191694091419912382e+01
-2.905643516009912730e+01 -8.676607465608888958e+00
3.047029316597227577e+01 -3.050332144747114071e+01
3.740574655809545135e+01 -7.238631631944244305e+00
2.457738076804232108e+01 8.109723373799315738e+00
-3.303512473441731601e+01 -5.845935771854672502e+00
3.654634314046887056e+01 1.764817579512363954e+00
-3.220808963942754133e+01 -9.489550724583690311e+00
-2.744783589188545037e+01 -6.619477896456678501e+00
-2.271647430301990767e+01 -6.010714241801295543e+00
2.975254244917585567e+01 2.660598900671177880e+00
-2.984758010718494337e+00 5.597339595632353593e+01
-2.774417737532746742e+01 -3.729456776142517693e+00
2.659388655315722971e+01 -1.560805368084680467e+01
-3.335878038167444259e+01 -7.748157125274732770e+00
