-8.500573914547192800e+00 3.095180911672540702e+01
5.059683683044611513e+01 -2.048098586463858339e+01
-1.000261725655666822e+01 2.965797215869271852e+01
2.671108514730165595e+01 4.232267063266108131e+00
3.625831487459116431e+01 -5.993662794251268799e+00
-2.633637447339765814e+01 -1.614893684565798182e+01
-2.842427619047242260e+01 -2.222678744074338653e+01
-2.305152034652885717e+01 -1.233724362155020060e+01
-1.113104663116937942e+01 2.931028467796214798e+01
3.005945782105580122e+01 9.071887768880367853e-01
4.555526413707693933e+01 -8.347609555142092574e+00
-2.998015244479452690e+01 -2.513382604759711469e+01
-6.060911486504166668e+00 3.035118593190196634e+01
-3.015918050923475136e+01 -2.310739484271209321e+01
-1.292589179749980666e+01 2.656125390172082135e+01
4.786656860944474090e+01 -1.548882527714433976e+01
3.564715279664831371e+01 -5.996069259654468020e+00
-8.488529636180206950e+00 3.134687643032170712e+01
-9.180395077245178115e+00 2.936919792227709536e+01
-2.632096603131479640e+01 -2.374745984256198028e+01
-9.993801210877711227e+00 3.186933837148537307e+01
3.733588700408932937e+01 -7.169891703403151517e+00
-8.781854672453622612e+00 3.242524259384601493e+01
3.864542735276513952e+01 -7.786414789134310510e+00
-1.165744359474316916e+01 -1.568080312229681184e+01
-2.991065583901863079e+01 -2.385629152422221111e+01
-2.861864822206096548e+01 -2.112667855300821174e+01
-2.915115523881962645e+01 -2.235373586136902802e+01
