2.924075937536796843e+01 5.494163440716200775e+00
-2.364741091812075524e+01 1.028111459387489113e+01
-2.920788241531233709e+01 8.005406081824714803e+00
-1.140326825838054248e+01 -2.873606490213072107e+01
-1.092839324052627603e+01 -2.514857978628749891e+01
-2.273668025675913995e+01 2.375900574143740585e+01
-9.097839304001391625e+00 -2.753974514914440874e+01
-6.557771204541950283e+00 -2.629965479459250943e+01
4.452758328964714707e+01 9.062150084075783596e+00
-5.663686813861282587e+00 -2.739909965614305420e+01
-7.891196810561220687e+00 -2.632309113284416568e+01
-2.332756778339934556e+01 1.860922010388032177e+01
4.532382887320650866e+01 9.533827679786595510e+00
-2.146431060509171118e+01 1.950690167409130638e+01
3.359026069893624822e+01 7.264310031273341295e+00
-1.058662866438035088e+01 -2.604544452882919359e+01
3.288640764181582199e+01 5.058354572609481181e+00
2.900558705247613744e+01 5.212335120881891548e+00
2.945771738477465007e+01 4.278987646640980635e+00
-4.298747966963774481e+00 -2.530193058834287001e+01
4.203208374537074832e+01 9.959500315789449942e+00
-1.948404736917255420e+01 2.350912870787419351e+01
-3.004316838562022696e+01 1.108908852753688201e+01
-2.630826272025775836e+01 1.701829298590186923e+01
-8.100813636666083895e+00 -2.724316119579403050e+01
-3.004208270665364111e+01 1.218212046640301516e+01
3.647613015871657183e+01 4.351695291841268798e+00
-2.175059916004141058e+01 3.586116866766891320e+01
