4.452453651653934230e+01 -9.475490468535262778e+00
-2.218354233831314559e+01 -2.340103975452755947e+01
-2.346324469832556048e+01 2.697532361818466384e+01
-2.004588389304142027e+01 -2.602634199338146104e+01
-1.586597922810323169e+01 3.555877690556437187e+01
-2.269373588826418242e+01 -2.996598613025874869e+01
4.359258291201167879e+01 -4.353871797624524476e+00
-1.859182174988654879e+01 2.454820174085836371e+01
-2.613998488194141956e+01 -3.248165017882069350e+01
4.634850614648768641e+01 -9.814065932236483158e-01
-1.034361190111557249e+01 1.728222272281022853e+01
-2.515655173993615534e+01 -2.985932225542959983e+01
4.458808674945706940e+01 8.656338303535575651e-01
-2.016482301898032148e+01 2.807551084066074765e+01
-2.103063772726884650e+01 2.203351219402598815e+01
4.194418930719844951e+01 1.362181530222300374e+01
4.420975094574288988e+01 5.381800702734713671e-01
-2.300897740492232302e+01 1.991299782776387772e+01
-1.304668086035706764e+01 3.479559288611483936e+01
4.364825088118470120e+01 -1.216834322317081529e+01
-2.357659799604713413e+01 -2.531455153775019795e+01
-2.519274699334765799e+01 -2.829465768967183692e+01
4.272569497096572633e+01 -1.179832486486166010e+00
-2.026104616465702435e+01 -2.333148002952663802e+01
4.441410255147682307e+01 -4.200328974956001993e+00
-2.523977899497957367e+01 2.111440525588932005e+01
-2.180439518129100662e+01 -2.729244043867268843e+01
-1.818566032028627788e+01 3.300457035731336219e+01
