-5.462222603907894936e+00 8.892478520002548237e+01
-3.403548838330540605e+01 -7.746838180231221394e+00
-3.762921870935861790e+01 -5.427497988903628112e+00
3.783446809393006305e+01 -8.407967468359034413e+00
3.701097037696592906e+01 -1.092893341765969639e+00
-3.919717841003661363e+01 -3.896246873012491729e+00
-3.722452700936307934e+01 -1.752307476111019779e+00
3.829740000603017336e+01 -2.014498604072834986e+00
3.838058903101634201e+01 -4.062258636148649238e+00
-3.769312539545110496e+01 -7.127072918951038893e+00
3.741483965166663239e+01 -4.926113079005272510e+00
-3.647292342960844280e+01 -7.013995854886757364e+00
3.557616412369468861e+01 -6.252693003466391453e+00
3.930108442090789111e+01 -3.702948617128938746e+00
-3.677990298689854143e+01 -6.489982138144504198e+00
-3.522083766031930452e+01 -9.189291054474193032e+00
3.573110393050329492e+01 -2.483445285326777885e+00
3.837439379107702564e+01 -4.370302741472057662e+00
-3.820558883754309676e+01 -2.968431938564708883e+00
