-3.491878827251464656e+01 5.377229984482075897e-01
-3.705057090985580004e+01 3.861136701420370354e+00
4.285153048819583432e+01 -2.378557450091213354e+01
3.021530434266084697e+01 4.538022015118070129e+01
3.041085222425805412e+01 -2.447374609939646106e+01
-2.794523868733377014e+01 1.747408402078346912e+00
-3.593857600516943762e+01 5.128617008597499805e+00
2.186673604509230984e+01 -1.946551005631266307e+01
2.631873332531455745e+01 -1.558728426637187603e+01
-3.678201025145762060e+01 -3.630766455321416508e+00
1.277917943339694951e+01 -1.496112135762523287e+01
2.387033490229016408e+01 -1.509608042169213249e+01
1.777766570226446774e+01 -1.841002783433195233e+01
1.539948954140673720e+01 -1.380024191625686569e+01
1.372555149407009800e+01 -1.291162358915937425e+01
-3.136288597954520441e+01 7.120570214207648796e+00
-3.136986202674753699e+01 7.172595178121378368e+00
-4.003524845888751571e+01 -2.568411824841801749e+00
3.118774792834312137e+01 4.484070743990218944e+01
-2.817363042854720590e+01 1.723231319104128856e+00
3.717368559276564355e+01 4.717817890916141010e+01
