-3.154753005983348757e+01 -2.315721754178956715e+01
3.870641829484740271e+01 -2.111911479618734599e+00
4.606172328905653046e+01 -4.768639012567245317e+00
-3.267726080967093338e+01 -2.515579776834286818e+01
-2.769183700378923518e+01 -7.235451470026742271e+00
-6.856988878008326793e+00 3.548218695812691692e+01
-1.035970372225248504e+01 3.515074414838529293e+01
-2.392640375314336154e+01 -1.952265855883781143e+01
-1.449348094987302638e+01 1.334871763021542179e+01
3.452695708999151236e+01 -1.184427566890652983e+01
3.677817555809170358e+01 -1.052283429528253755e+01
-1.082868719812180203e+01 3.101593684025294806e+01
-2.374424281220257527e+01 -1.498539199141915290e+01
3.559442844548862439e+01 -4.000108238947619910e+00
-1.498993774310076610e+01 2.798981697167434035e+01
2.726772927538859914e+00 -3.402285271797955346e+01
3.623623952518101987e+01 -3.938784736563648359e+00
-2.705214239791940045e+01 -2.172525327310169274e+01
3.771111921911147391e+01 -4.898996181302172737e+00
-1.136626151594355072e+01 3.319524393937189899e+01
3.300258444826408777e+01 -1.295531830178965826e+01
-2.628892820770488115e+01 -1.389386212292833100e+01
4.372892451946449599e-01 4.410010240451423158e+01
-1.710566920530296287e+01 1.588544664812703111e+01
-1.122752251169068316e+01 3.167208198212316006e+01
4.574940323151637500e+01 -5.710611922141051622e+00
-2.768078772951279021e+01 -2.261802880936079063e+01
-2.969372677621199585e+01 -2.477228343188550497e+01
